// Books Sim Mat, Western Model VEC=50, EPOCHS=200

// TODO: Fix...Books Sim Mat Western Model, 100 vecs.

// const BOOKS_WESTERN = [[0.9999999999999999, 0.697633920242498, 0.36280949067713597, 0.612952094500303, 0.46168593028542965, 0.5649947238309734, 0.5935755786580712, 0.7733519705911339, 0.6322942953109079, 0.39485018773446984], [0.697633920242498, 1.0000000000000002, 0.649485790998798, 0.7296535836639042, 0.4805642550778025, 0.6290392069414301, 0.7027558666224435, 0.7688061263888483, 0.7605684545867911, 0.6248761862721837], [0.36280949067713597, 0.649485790998798, 0.9999999999999998, 0.614436526558791, 0.6004824283386483, 0.6102590161079315, 0.7101958429452344, 0.5131720659954392, 0.47715657653991167, 0.8356200594245548], [0.612952094500303, 0.7296535836639042, 0.614436526558791, 1.0000000000000002, 0.617579413996388, 0.7104382388725669, 0.8536956091635302, 0.7590780952019943, 0.8024170497555401, 0.651104624711564], [0.46168593028542965, 0.4805642550778025, 0.6004824283386483, 0.617579413996388, 0.9999999999999998, 0.7251346698398281, 0.7185719190886717, 0.39369069095544895, 0.4644300510837535, 0.6551511450651627], [0.5649947238309734, 0.6290392069414301, 0.6102590161079315, 0.7104382388725669, 0.7251346698398281, 1.0000000000000002, 0.8013628728767455, 0.6922266377263744, 0.6214342253899876, 0.6455317713315252], [0.5935755786580712, 0.7027558666224435, 0.7101958429452344, 0.8536956091635302, 0.7185719190886717, 0.8013628728767455, 1.0000000000000002, 0.6789362041996696, 0.7192216401800637, 0.7411950828368925], [0.7733519705911339, 0.7688061263888483, 0.5131720659954392, 0.7590780952019943, 0.39369069095544895, 0.6922266377263744, 0.6789362041996696, 1.0, 0.79103014402054, 0.47641399657361727], [0.6322942953109079, 0.7605684545867911, 0.47715657653991167, 0.8024170497555401, 0.4644300510837535, 0.6214342253899876, 0.7192216401800637, 0.79103014402054, 1.0, 0.4916832814506059], [0.39485018773446984, 0.6248761862721837, 0.8356200594245548, 0.651104624711564, 0.6551511450651627, 0.6455317713315252, 0.7411950828368925, 0.47641399657361727, 0.4916832814506059, 0.9999999999999999]];

// Iteration 03 - added 5 books + iktomi content, updated corpus, 50 vecs
const BOOKS_WESTERN = [[1.0, 0.7689607870359781, 0.38083797377071055, 0.64020595644909, 0.46969545922341865, 0.615116934427858, 0.5957985275495007, 0.8153838755783319, 0.7051095278936294, 0.44040091722756153, 0.8442629318521142, 0.6654923125666377, 0.7806299538103312, 0.6920593353077527, 0.7533691960325858], [0.7689607870359781, 1.0000000000000002, 0.6619905228947633, 0.791944241490164, 0.5526866039176176, 0.6676062916219311, 0.7275254983394728, 0.835214005695947, 0.8554717580838703, 0.6412600160647698, 0.8529523914466911, 0.7365863678683627, 0.7603973998127016, 0.7752389346686418, 0.8441704639278788], [0.38083797377071055, 0.6619905228947633, 0.9999999999999999, 0.6951577751180773, 0.6860031869532563, 0.7167369809250298, 0.759985601983419, 0.5516772851013735, 0.6125773032425852, 0.8668566526837957, 0.60820363536815, 0.6457912226650965, 0.5609675903164153, 0.5969241351493293, 0.6905086827274742], [0.64020595644909, 0.791944241490164, 0.6951577751180773, 1.0, 0.688493489894329, 0.7716459173309397, 0.8956583863210095, 0.7612275929576169, 0.8728342893936696, 0.7150813700932789, 0.8572023153321604, 0.7501146692576796, 0.7769614913877143, 0.7671253678880868, 0.8313926774743724], [0.46969545922341865, 0.5526866039176176, 0.6860031869532563, 0.688493489894329, 0.9999999999999999, 0.782553405638279, 0.789777103027211, 0.40640064582322477, 0.5675374131714548, 0.7358433886514292, 0.5848189178075415, 0.6161103407484498, 0.5632602547679773, 0.43860541624570865, 0.6415969429626979], [0.615116934427858, 0.6676062916219311, 0.7167369809250298, 0.7716459173309397, 0.782553405638279, 0.9999999999999998, 0.8584576390358928, 0.7162099060595131, 0.7400765617044294, 0.7608873820258721, 0.746209010273274, 0.758296592345614, 0.6398317810952119, 0.6510076201485615, 0.8084785500106381], [0.5957985275495007, 0.7275254983394728, 0.759985601983419, 0.8956583863210095, 0.789777103027211, 0.8584576390358928, 1.0, 0.6973773048514654, 0.8256397445990691, 0.8092599151464269, 0.8074794720842167, 0.8340993002870898, 0.7051587562238559, 0.7586684214148249, 0.8249672918350732], [0.8153838755783319, 0.835214005695947, 0.5516772851013735, 0.7612275929576169, 0.40640064582322477, 0.7162099060595131, 0.6973773048514654, 1.0000000000000002, 0.8682893607077385, 0.5223886810126491, 0.8881450924656443, 0.7268624387434545, 0.7370986653598045, 0.7922791512689381, 0.8442867495397928], [0.7051095278936294, 0.8554717580838703, 0.6125773032425852, 0.8728342893936696, 0.5675374131714548, 0.7400765617044294, 0.8256397445990691, 0.8682893607077385, 0.9999999999999999, 0.5927802569787549, 0.8578010661834522, 0.7656443304911154, 0.7667663621084648, 0.7563133712027246, 0.8411348287301245], [0.44040091722756153, 0.6412600160647698, 0.8668566526837957, 0.7150813700932789, 0.7358433886514292, 0.7608873820258721, 0.8092599151464269, 0.5223886810126491, 0.5927802569787549, 1.0, 0.6977470235053785, 0.7192709607316945, 0.6599793471740663, 0.6990121410561876, 0.6859808762272568], [0.8442629318521142, 0.8529523914466911, 0.60820363536815, 0.8572023153321604, 0.5848189178075415, 0.746209010273274, 0.8074794720842167, 0.8881450924656443, 0.8578010661834522, 0.6977470235053785, 0.9999999999999998, 0.7809333648294544, 0.8667637745996538, 0.8760676492737152, 0.838663057140711], [0.6654923125666377, 0.7365863678683627, 0.6457912226650965, 0.7501146692576796, 0.6161103407484498, 0.758296592345614, 0.8340993002870898, 0.7268624387434545, 0.7656443304911154, 0.7192709607316945, 0.7809333648294544, 1.0, 0.7063969829283582, 0.719326293919951, 0.9037566850472689], [0.7806299538103312, 0.7603973998127016, 0.5609675903164153, 0.7769614913877143, 0.5632602547679773, 0.6398317810952119, 0.7051587562238559, 0.7370986653598045, 0.7667663621084648, 0.6599793471740663, 0.8667637745996538, 0.7063969829283582, 1.0, 0.7944942973083059, 0.7396625757171988], [0.6920593353077527, 0.7752389346686418, 0.5969241351493293, 0.7671253678880868, 0.43860541624570865, 0.6510076201485615, 0.7586684214148249, 0.7922791512689381, 0.7563133712027246, 0.6990121410561876, 0.8760676492737152, 0.719326293919951, 0.7944942973083059, 1.0000000000000002, 0.71763190449657], [0.7533691960325858, 0.8441704639278788, 0.6905086827274742, 0.8313926774743724, 0.6415969429626979, 0.8084785500106381, 0.8249672918350732, 0.8442867495397928, 0.8411348287301245, 0.6859808762272568, 0.838663057140711, 0.9037566850472689, 0.7396625757171988, 0.71763190449657, 1.0]]; 

export default BOOKS_WESTERN;