// Books Sim Mat, Western Model VEC=50, EPOCHS=200

// TODO: Fix...Books Sim Mat Western Model, 100 vecs.

const BOOKS_WESTERN = [[0.9999999999999999, 0.697633920242498, 0.36280949067713597, 0.612952094500303, 0.46168593028542965, 0.5649947238309734, 0.5935755786580712, 0.7733519705911339, 0.6322942953109079, 0.39485018773446984], [0.697633920242498, 1.0000000000000002, 0.649485790998798, 0.7296535836639042, 0.4805642550778025, 0.6290392069414301, 0.7027558666224435, 0.7688061263888483, 0.7605684545867911, 0.6248761862721837], [0.36280949067713597, 0.649485790998798, 0.9999999999999998, 0.614436526558791, 0.6004824283386483, 0.6102590161079315, 0.7101958429452344, 0.5131720659954392, 0.47715657653991167, 0.8356200594245548], [0.612952094500303, 0.7296535836639042, 0.614436526558791, 1.0000000000000002, 0.617579413996388, 0.7104382388725669, 0.8536956091635302, 0.7590780952019943, 0.8024170497555401, 0.651104624711564], [0.46168593028542965, 0.4805642550778025, 0.6004824283386483, 0.617579413996388, 0.9999999999999998, 0.7251346698398281, 0.7185719190886717, 0.39369069095544895, 0.4644300510837535, 0.6551511450651627], [0.5649947238309734, 0.6290392069414301, 0.6102590161079315, 0.7104382388725669, 0.7251346698398281, 1.0000000000000002, 0.8013628728767455, 0.6922266377263744, 0.6214342253899876, 0.6455317713315252], [0.5935755786580712, 0.7027558666224435, 0.7101958429452344, 0.8536956091635302, 0.7185719190886717, 0.8013628728767455, 1.0000000000000002, 0.6789362041996696, 0.7192216401800637, 0.7411950828368925], [0.7733519705911339, 0.7688061263888483, 0.5131720659954392, 0.7590780952019943, 0.39369069095544895, 0.6922266377263744, 0.6789362041996696, 1.0, 0.79103014402054, 0.47641399657361727], [0.6322942953109079, 0.7605684545867911, 0.47715657653991167, 0.8024170497555401, 0.4644300510837535, 0.6214342253899876, 0.7192216401800637, 0.79103014402054, 1.0, 0.4916832814506059], [0.39485018773446984, 0.6248761862721837, 0.8356200594245548, 0.651104624711564, 0.6551511450651627, 0.6455317713315252, 0.7411950828368925, 0.47641399657361727, 0.4916832814506059, 0.9999999999999999]];

export default BOOKS_WESTERN;