// Books Sim Mat, Lakota Model VEC=50, EPOCHS=200

// Iteration 01
// const BOOKS = [[0.9999999999999999, 0.5431570914556916, 0.21631980208805857, 0.33730696685542216, 0.1891130049703739, 0.22846035546368937, 0.21946639142002553, 0.5501670443537571, 0.4918315741047533, 0.08071716162534238], [0.5431570914556916, 1.0000000000000002, 0.6386205511668506, 0.39214199854115434, 0.31110273488296797, 0.3569353398740126, 0.2273256712094788, 0.4421330927585622, 0.4726862975707456, 0.36645662580869753], [0.21631980208805857, 0.6386205511668506, 1.0000000000000002, 0.2669808532913646, 0.581068957683362, 0.4880836919298056, 0.48115316993888374, 0.07526022056461287, 0.27477165731483477, 0.6300916423943338], [0.33730696685542216, 0.39214199854115434, 0.2669808532913646, 1.0000000000000002, 0.45801880191073613, 0.46184836188046247, 0.5007256372303035, 0.45256030719020723, 0.5662854611681665, 0.35873355374013577], [0.1891130049703739, 0.31110273488296797, 0.581068957683362, 0.45801880191073613, 1.0000000000000002, 0.7038240375070716, 0.805088279057282, 0.03960265721366772, 0.4755161726356334, 0.6843009245277794], [0.22846035546368937, 0.3569353398740126, 0.4880836919298056, 0.46184836188046247, 0.7038240375070716, 1.0000000000000002, 0.711096226736879, 0.0718971150293771, 0.3744624327610125, 0.6735487839698561], [0.21946639142002553, 0.2273256712094788, 0.48115316993888374, 0.5007256372303035, 0.805088279057282, 0.711096226736879, 1.0, -0.025536421311895107, 0.4597522459871799, 0.7115126410992965], [0.5501670443537571, 0.4421330927585622, 0.07526022056461287, 0.45256030719020723, 0.03960265721366772, 0.0718971150293771, -0.025536421311895107, 1.0, 0.530831274201744, -0.08944336431890487], [0.4918315741047533, 0.4726862975707456, 0.27477165731483477, 0.5662854611681665, 0.4755161726356334, 0.3744624327610125, 0.4597522459871799, 0.530831274201744, 1.0000000000000002, 0.3894519437302249], [0.08071716162534238, 0.36645662580869753, 0.6300916423943338, 0.35873355374013577, 0.6843009245277794, 0.6735487839698561, 0.7115126410992965, -0.08944336431890487, 0.3894519437302249, 1.0]];

// Iteration 03 – added 5 books + Iktomi content to Corpus
const BOOKS = [[1.0, 0.397602444104256, 0.061203835868849955, 0.3815031866610571, 0.10368348074534273, 0.24645798505224525, 0.2219038618937716, 0.5077573883593354, 0.4572628259249651, 0.024123105104902388, 0.2631116062671411, -0.11927903838191106, 0.18230561276303195, 0.38333081664519475, 0.351883440365412], [0.397602444104256, 1.0000000000000002, 0.5536981582297164, 0.4722475447797511, 0.24249940735826156, 0.2603610186684302, 0.3042917196279739, 0.44752358489227484, 0.2911448329748186, 0.2117062120972463, 0.4924014075703097, 0.42436392006470275, 0.4160799305289666, 0.30070944402329636, 0.4812786692045671], [0.061203835868849955, 0.5536981582297164, 0.9999999999999998, 0.3179707102115664, 0.5826417974183064, 0.47354636033274594, 0.5653618808082083, 0.04317943051197691, 0.24590711468834892, 0.6244926014962873, 0.26791280824962693, 0.38851953885498336, 0.5226943594609251, 0.313310330061206, 0.4965083542220695], [0.3815031866610571, 0.4722475447797511, 0.3179707102115664, 1.0, 0.4574148640200002, 0.45748802085201384, 0.5730451393608036, 0.4821739634046758, 0.5848665663875935, 0.38590472373437174, 0.3241999777692494, 0.01719323609127747, 0.3462337988320054, 0.3373441710948749, 0.5357760608811254], [0.10368348074534273, 0.24249940735826156, 0.5826417974183064, 0.4574148640200002, 1.0, 0.6959367440661072, 0.8488748752240334, -0.11188898908571876, 0.4278588606311443, 0.7172407999466935, 0.14083828621143618, 0.23353523173167157, 0.19421054307375998, 0.24977668460175467, 0.4892299535499389], [0.24645798505224525, 0.2603610186684302, 0.47354636033274594, 0.45748802085201384, 0.6959367440661072, 1.0000000000000002, 0.6989508012779925, 0.06083863861739348, 0.3372775832373495, 0.6932681731574749, 0.3002064042569081, 0.08534207377631092, 0.1068019259511429, 0.32323693805223774, 0.6087838450995818], [0.2219038618937716, 0.3042917196279739, 0.5653618808082083, 0.5730451393608036, 0.8488748752240334, 0.6989508012779925, 1.0000000000000002, 0.0066374923823915915, 0.43551282527690516, 0.7745546706166557, 0.29807101010964043, 0.19738079178624235, 0.2680418699298565, 0.37573675261273837, 0.6503365466709703], [0.5077573883593354, 0.44752358489227484, 0.04317943051197691, 0.4821739634046758, -0.11188898908571876, 0.06083863861739348, 0.0066374923823915915, 0.9999999999999999, 0.4491127335191709, -0.09754482558328682, 0.43926680673206375, 0.14424754508410204, 0.2628112028638, 0.323469960467051, 0.28561567325506304], [0.4572628259249651, 0.2911448329748186, 0.24590711468834892, 0.5848665663875935, 0.4278588606311443, 0.3372775832373495, 0.43551282527690516, 0.4491127335191709, 1.0, 0.38537113039018495, 0.1170224960285636, -0.07630901014957843, 0.3676673457934182, 0.15573859419513103, 0.3245781782980032], [0.024123105104902388, 0.2117062120972463, 0.6244926014962873, 0.38590472373437174, 0.7172407999466935, 0.6932681731574749, 0.7745546706166557, -0.09754482558328682, 0.38537113039018495, 1.0000000000000002, 0.26699851653353873, 0.11152042286307416, 0.3146810563430921, 0.2788791401368891, 0.49578680503925804], [0.2631116062671411, 0.4924014075703097, 0.26791280824962693, 0.3241999777692494, 0.14083828621143618, 0.3002064042569081, 0.29807101010964043, 0.43926680673206375, 0.1170224960285636, 0.26699851653353873, 0.9999999999999998, 0.44649751908408325, 0.37927230136765877, 0.5700843921486098, 0.4492313315591101], [-0.11927903838191106, 0.42436392006470275, 0.38851953885498336, 0.01719323609127747, 0.23353523173167157, 0.08534207377631092, 0.19738079178624235, 0.14424754508410204, -0.07630901014957843, 0.11152042286307416, 0.44649751908408325, 1.0000000000000002, 0.2447935178464582, 0.33203282737568546, 0.42438008853615306], [0.18230561276303195, 0.4160799305289666, 0.5226943594609251, 0.3462337988320054, 0.19421054307375998, 0.1068019259511429, 0.2680418699298565, 0.2628112028638, 0.3676673457934182, 0.3146810563430921, 0.37927230136765877, 0.2447935178464582, 1.0, 0.3906259581271637, 0.30459469747041523], [0.38333081664519475, 0.30070944402329636, 0.313310330061206, 0.3373441710948749, 0.24977668460175467, 0.32323693805223774, 0.37573675261273837, 0.323469960467051, 0.15573859419513103, 0.2788791401368891, 0.5700843921486098, 0.33203282737568546, 0.3906259581271637, 0.9999999999999998, 0.39922002433449877], [0.351883440365412, 0.4812786692045671, 0.4965083542220695, 0.5357760608811254, 0.4892299535499389, 0.6087838450995818, 0.6503365466709703, 0.28561567325506304, 0.3245781782980032, 0.49578680503925804, 0.4492313315591101, 0.42438008853615306, 0.30459469747041523, 0.39922002433449877, 1.0]];

export default BOOKS;