const NRBOOKSSIMMAT_01 = [[1.0, 0.3766720760803236, 0.12099285140981444, 0.30147144123541303, 0.12980328253536763, 0.2965566435203048, 0.1587518152490848, 0.49747790924044205, 0.3388688209888774, 0.04118274602043771], [0.3766720760803236, 1.0000000000000002, 0.49780467311547527, 0.346034843091768, 0.21430802877477123, 0.1742317981735037, 0.16767363719101616, 0.43849302466864504, 0.23245992554793227, 0.25347868818744074], [0.12099285140981444, 0.49780467311547527, 1.0000000000000002, 0.17825681561791257, 0.51192599444871, 0.41593765711302055, 0.46711745198255306, 0.023328945965111324, 0.19675586654892346, 0.6548316036610928], [0.30147144123541303, 0.346034843091768, 0.17825681561791257, 1.0000000000000002, 0.38405650553875825, 0.33585079291626496, 0.46702931370872686, 0.43624737414498754, 0.48736642648933454, 0.2066814173019107], [0.12980328253536763, 0.21430802877477123, 0.51192599444871, 0.38405650553875825, 1.0000000000000002, 0.6213120549766177, 0.767714726074626, 0.04499866662342466, 0.43551730679926776, 0.6439039890096675], [0.2965566435203048, 0.1742317981735037, 0.41593765711302055, 0.33585079291626496, 0.6213120549766177, 0.9999999999999998, 0.6185439973560203, 0.09684826411198492, 0.33224455397466623, 0.6083462680572161], [0.1587518152490848, 0.16767363719101616, 0.46711745198255306, 0.46702931370872686, 0.767714726074626, 0.6185439973560203, 0.9999999999999999, -0.03191201198077233, 0.4162103804590624, 0.6772430136455149], [0.49747790924044205, 0.43849302466864504, 0.023328945965111324, 0.43624737414498754, 0.04499866662342466, 0.09684826411198492, -0.03191201198077233, 1.0, 0.3878653486639087, -0.06990356755621137], [0.3388688209888774, 0.23245992554793227, 0.19675586654892346, 0.48736642648933454, 0.43551730679926776, 0.33224455397466623, 0.4162103804590624, 0.3878653486639087, 0.9999999999999998, 0.3761757916378816], [0.04118274602043771, 0.25347868818744074, 0.6548316036610928, 0.2066814173019107, 0.6439039890096675, 0.6083462680572161, 0.6772430136455149, -0.06990356755621137, 0.3761757916378816, 1.0]];

export default NRBOOKSSIMMAT_01;