const NRSIMMAT_01 = [[1.0000000000000002, -0.1594606904041264, -0.022575621986685057, 0.23478201483765324, -0.07483879252213078, -0.10934568837860453, -0.1330232215224197, -0.17337100919205273, 0.03087324700729706, 0.22627804122290043, 0.049930247301803905, 0.11185419051452714, -0.007451309652736318, -0.02117623336649429, 0.14280912079393115, -0.08239053211710169, -0.03726943381247567, 0.02299356304785123, 0.028240430620384137, 0.19573080688884814, 0.06474963211755104, 0.035026308930254706, 0.13868632981696216, 0.045923580810209176, -0.023272646799524125, -0.12054010852720841, 0.058157643032055374, 0.07775118103411748, 0.05363282825865716, 0.16702127883055712, 0.0756709718235231, 0.30208794664363675, -0.14648307249678635], [-0.1594606904041264, 0.9999999999999999, 0.10997578630951728, 0.07702592281149584, 0.16560495628661034, 0.037766905544833376, 0.21321779333351876, 0.36182895046827734, 0.1548539584101546, -0.06354388789473063, 0.11349410869352265, 0.038084004876225756, -0.06299547798831048, 0.2018162343632087, -0.07181546656827878, 0.03490262404369822, -0.16377897932982938, 0.08775486255951497, 0.08332651193831221, -0.20995202620982492, 0.15454169325484582, 0.18993927633488752, -0.19622208032007651, 0.014542132611143968, 0.10137532948738767, 0.16629741227465025, 0.0983584226603568, 0.16677635503277657, 0.07414240635318711, -0.17552338330411352, -0.06959998663223302, -0.09458980850291675, 0.12082188323487898], [-0.022575621986685057, 0.10997578630951728, 1.0, 0.23711812145422595, 0.15441216425974857, 0.17402217775583592, 0.292284468367449, -0.004329729177557438, 0.17843797705981773, -0.0038642490006370123, 0.15485290464698037, 0.12831509923584478, 0.05694223146444959, 0.07496647944005726, -0.04715937782283771, -0.008170521090759905, 0.15382182799503066, 0.040633767550035595, 0.057303547314034066, 0.15377508605543708, 0.011568518816802808, 0.0006902974790396916, 0.08178475987249856, 0.12908774134029677, 0.03792901498153521, 0.12860463022273635, 0.1352256489384509, -0.13148321571981003, -0.03480328645880739, 0.15179502791647226, 0.10475085502727344, 0.012887555196519816, -0.09581234176092415], [0.23478201483765324, 0.07702592281149584, 0.23711812145422595, 1.0, 0.2314454713692447, 0.15004927064672444, 0.0909088356779016, 0.21291754481262704, 0.22593227855377418, -0.10100294152484747, -0.022541923091699008, 0.17049027389341745, 0.1672578667565663, 0.14046456320506212, -0.02916908848466405, -0.04275830929947013, -0.13916407313668722, 0.001704833244745358, -0.21320137924436067, 0.010847320987988239, 0.029283029649649156, -0.12354532068255174, 0.002764900252825681, 0.12576441781847872, 0.06750139251751694, -0.05570314754457416, 0.09443857403516971, -0.0128078455375304, -0.08838122260492634, -0.09463651576061485, -0.0029634195802733104, -0.0864421958185065, 0.09250492572039218], [-0.07483879252213078, 0.16560495628661034, 0.15441216425974857, 0.2314454713692447, 0.9999999999999999, -0.0637887202904007, 0.2790931350731034, 0.21468892367135717, 0.04939734095283307, -0.006362573753208068, 0.07022359167497456, -0.08514938821456718, 0.0823376041089123, 0.04170656930146776, -0.1088352879720143, 0.052552383073108264, 0.06116601095825666, 0.0379123676426457, -0.002437076384327721, -0.20047067278607353, 0.03605488954520932, 0.004465614002738169, 0.020828805591106562, 0.1065831278515189, 0.2086299887634244, -0.1346373110648226, 0.017514883488935384, -0.0904842128193116, -0.03622009134012103, -0.12518140975658812, -0.23846632169262827, -0.08624808989447408, 0.04681290342055177], [-0.10934568837860453, 0.037766905544833376, 0.17402217775583592, 0.15004927064672444, -0.0637887202904007, 1.0000000000000002, 0.18380439118224387, 0.2696329518950368, 0.11336255107944082, -0.0063847993106845745, -0.1413080404104095, 0.02548555931813558, 0.03083032391477706, 0.0844850432927287, -0.1083665366304151, 0.10733097560872325, -0.013463812182741362, 0.0026262739162277926, -0.15854184742764593, 0.16691869802605686, 0.030357409451863538, -0.05846755153652825, -0.009007255953847977, 0.06333517896227554, -0.17268233946348074, 0.06266923988832121, 0.13511538787920152, 0.1654058567602053, 0.09173800372750003, -0.11236532422839562, -0.0971785784031377, -0.07728192920698447, 0.2118391567517694], [-0.1330232215224197, 0.21321779333351876, 0.292284468367449, 0.0909088356779016, 0.2790931350731034, 0.18380439118224387, 0.9999999999999999, 0.14811155606442156, 0.04392379353871407, 0.02739383347803818, 0.10859292210247219, 0.05058933590570154, 0.30109415539907247, -0.06379926109884962, -0.10379409590341183, 0.22904176618357044, 0.0833864915247517, 0.12921508482481323, 0.09185684041110191, -0.10341202723384865, 0.028117101672411098, 0.0860385215744556, 0.05485889253444951, 0.05476190741580574, 0.06765055324169049, -0.02543592350943188, 0.041616668672216965, 0.07040649553502847, -0.011618829696675593, 0.06841017448725671, -0.10892305085250045, -0.13558753872755844, -0.07070799898735891], [-0.17337100919205273, 0.36182895046827734, -0.004329729177557438, 0.21291754481262704, 0.21468892367135717, 0.2696329518950368, 0.14811155606442156, 0.9999999999999999, 0.14387768460591557, -0.10465323386328522, -0.01731880494188846, 0.11029029430970837, 0.22655813667283684, 0.3166403421023026, 0.03422751643726875, 0.04016627432009378, 0.0030058841202562745, -0.0671239843058674, 0.3093943909403737, -0.11171703680685385, 0.08454394126932452, 0.16141839546536987, -0.0901990480027624, 0.1652622322728438, -0.09241635105061984, -0.022835108250623678, 0.07858475000607393, 0.22300525455912143, 0.04875133391296697, -0.23182092036155183, -0.1974043421699638, 0.013971847623401474, 0.3796187337257779], [0.03087324700729706, 0.1548539584101546, 0.17843797705981773, 0.22593227855377418, 0.04939734095283307, 0.11336255107944082, 0.04392379353871407, 0.14387768460591557, 1.0000000000000002, 0.09939190607146951, 0.17517197044781285, 0.15419479300057795, 0.0689895617516739, 0.24037976596902666, 0.039511891630344284, 0.009586840190869552, -0.10948274229282522, 0.047083440396788516, 0.08917674729946934, 0.15184911431266906, 0.008067677627164342, 0.23310378531687562, -0.09020804035573347, 0.17775758286323548, 0.2027846564101799, 0.19750753059705092, 0.21886409435180956, 0.05159863749927999, 0.06204223737992429, 0.036854070250882755, 0.01022247067177251, 0.11651761209670376, 0.0069216220328390775], [0.22627804122290043, -0.06354388789473063, -0.0038642490006370123, -0.10100294152484747, -0.006362573753208068, -0.0063847993106845745, 0.02739383347803818, -0.10465323386328522, 0.09939190607146951, 1.0, 0.28142239959994636, 0.03855367596467072, -0.03754773394604893, -0.011992684762190103, 0.12900288146416314, 0.101667836187595, 0.06948206003195503, 0.055471921510158, 0.06625803006315699, 0.1741562188300748, 0.06092767783330853, 0.06001847764752898, 0.151825949921552, 0.12173113547660061, -0.004532226123586323, -0.06372535639048411, 0.1028429899680396, -0.16703651789590757, 0.08215403882599355, 0.03779275900589232, 0.05270643688729178, 0.043722077688050434, 0.038986717090775745], [0.049930247301803905, 0.11349410869352265, 0.15485290464698037, -0.022541923091699008, 0.07022359167497456, -0.1413080404104095, 0.10859292210247219, -0.01731880494188846, 0.17517197044781285, 0.28142239959994636, 1.0, 0.08273523654280711, 0.024074708876670473, 0.19106358490590028, 0.08024607838384819, 0.3120336752706612, 0.20629971485464182, 0.2553606219429546, 0.07228127690731549, 0.007585797744359526, 0.20873292494814744, 0.1948285842670359, 0.07047475863503942, 0.02196291868586277, 0.058379720835223914, 0.11362238238611296, 0.14795217950929168, -0.11790877379564108, 0.09631537997620472, 0.2624716842478441, 0.039239008892227305, 0.15187323273988715, -0.06356678388645498], [0.11185419051452714, 0.038084004876225756, 0.12831509923584478, 0.17049027389341745, -0.08514938821456718, 0.02548555931813558, 0.05058933590570154, 0.11029029430970837, 0.15419479300057795, 0.03855367596467072, 0.08273523654280711, 1.0000000000000002, 0.31162602978902953, 0.19651918478478045, 0.24877829728744588, -0.06347632427705151, 0.05840773318252461, 0.07323543029404349, 0.08338325045156618, 0.08058752644160241, 0.05977385482206448, 0.14079073566547323, 0.28317110944407414, 0.08553504950678492, 0.22116360574700267, 0.06824906528406514, 0.15662655979197776, 0.12757831106089979, -0.021521755120460916, 0.028960756641355737, 0.04572772895552806, 0.005211141020816477, 0.050965557057951624], [-0.007451309652736318, -0.06299547798831048, 0.05694223146444959, 0.1672578667565663, 0.0823376041089123, 0.03083032391477706, 0.30109415539907247, 0.22655813667283684, 0.0689895617516739, -0.03754773394604893, 0.024074708876670473, 0.31162602978902953, 0.9999999999999999, 0.17880756921139024, 0.12951226330876267, 0.07595001072015248, 0.06262853435555886, -0.004380446302329725, -0.04048050083965462, -0.07178121043083503, 0.051683267435677645, 0.02695186564697096, 0.22198423438844864, 0.09876353115318807, 0.1307092822862035, 0.04304085011820421, 0.20900571163278936, 0.2907817835068162, 0.05173578764180808, -0.0023203089053830638, -0.029558710361755034, 0.045706424777219395, 0.1017396095934158], [-0.02117623336649429, 0.2018162343632087, 0.07496647944005726, 0.14046456320506212, 0.04170656930146776, 0.0844850432927287, -0.06379926109884962, 0.3166403421023026, 0.24037976596902666, -0.011992684762190103, 0.19106358490590028, 0.19651918478478045, 0.17880756921139024, 0.9999999999999999, 0.16083677174398245, 0.16365483124280006, -0.09560740091590787, 0.06442948035602543, 0.0459443497164049, -0.12736655662342755, -0.0713273684014726, 0.34761111300896047, -0.1571053441264306, 0.15975185070104267, 0.12062295051128571, 0.2944291193429462, 0.318076527705093, 0.19185534448559893, 0.056226034500539174, 0.05810394704929152, -0.03853031302732448, 0.007531951783394752, 0.3406322190335274], [0.14280912079393115, -0.07181546656827878, -0.04715937782283771, -0.02916908848466405, -0.1088352879720143, -0.1083665366304151, -0.10379409590341183, 0.03422751643726875, 0.039511891630344284, 0.12900288146416314, 0.08024607838384819, 0.24877829728744588, 0.12951226330876267, 0.16083677174398245, 0.9999999999999999, 0.05527833149438487, 0.15666393313069407, -0.07271208517731714, 0.11260367581254618, 0.25974240331124276, 0.023708215322754647, 0.21288631174795325, 0.33369268545900754, 0.08647681131423382, 0.098108332183742, 0.016650486200835264, 0.10277932074478102, 0.14291122277483215, 0.10237826935816269, 0.12627858696754446, -0.013717152555916347, 0.12102237414536193, 0.012583539437557814], [-0.08239053211710169, 0.03490262404369822, -0.008170521090759905, -0.04275830929947013, 0.052552383073108264, 0.10733097560872325, 0.22904176618357044, 0.04016627432009378, 0.009586840190869552, 0.101667836187595, 0.3120336752706612, -0.06347632427705151, 0.07595001072015248, 0.16365483124280006, 0.05527833149438487, 1.0000000000000002, 0.21995290224714856, 0.3734579311624379, 0.16354392888893726, 0.09170694808991962, 0.15507559228235288, 0.21117711246870638, 0.21931285523237504, -0.019171779733881764, -0.08696468132298249, 0.075530263600326, 0.08801947949889824, 0.1798699095537336, 0.24657926442631095, 0.1176962477894283, -0.12673123085532192, -0.08334316878176844, 0.0932855239851699], [-0.03726943381247567, -0.16377897932982938, 0.15382182799503066, -0.13916407313668722, 0.06116601095825666, -0.013463812182741362, 0.0833864915247517, 0.0030058841202562745, -0.10948274229282522, 0.06948206003195503, 0.20629971485464182, 0.05840773318252461, 0.06262853435555886, -0.09560740091590787, 0.15666393313069407, 0.21995290224714856, 1.0, 0.17175034242071197, 0.10153783083191457, 0.1554169484607261, 0.14405844357549602, 0.0834209903410318, 0.28772106156746413, 0.2193373695055351, -0.054843566854808914, 0.02021930149122171, -0.05577426049469293, -0.16428773031992538, 0.07853748520986444, 0.1467192705280938, -0.06249181307795977, 0.048456508728113606, -0.06622155564582181], [0.02299356304785123, 0.08775486255951497, 0.040633767550035595, 0.001704833244745358, 0.0379123676426457, 0.0026262739162277926, 0.12921508482481323, -0.0671239843058674, 0.047083440396788516, 0.055471921510158, 0.2553606219429546, 0.07323543029404349, -0.004380446302329725, 0.06442948035602543, -0.07271208517731714, 0.3734579311624379, 0.17175034242071197, 1.0000000000000002, 0.03783247824487486, 0.07076238832629589, 0.20152146013677152, 0.01847417146314129, 0.15675656023765155, 0.1951496709513182, -0.017931791656527505, -0.028136901803533138, 0.1740978097388886, 0.012481379744480223, 0.06407251984862466, 0.0034715809012424497, 0.1399679272418365, -0.04973140851460807, 0.01982259281394875], [0.028240430620384137, 0.08332651193831221, 0.057303547314034066, -0.21320137924436067, -0.002437076384327721, -0.15854184742764593, 0.09185684041110191, 0.3093943909403737, 0.08917674729946934, 0.06625803006315699, 0.07228127690731549, 0.08338325045156618, -0.04048050083965462, 0.0459443497164049, 0.11260367581254618, 0.16354392888893726, 0.10153783083191457, 0.03783247824487486, 1.0000000000000002, 0.0824073403407439, 0.024705788607192063, 0.3106883549553401, -0.006804772583152437, -0.039270427914327354, 0.02588387644464794, 0.09087079690197192, 0.04781071725878501, 0.1873928180688358, 0.09319187759255179, -0.028479678695910407, -0.0032763922566500007, 0.16284083616706646, -0.0528773993587856], [0.19573080688884814, -0.20995202620982492, 0.15377508605543708, 0.010847320987988239, -0.20047067278607353, 0.16691869802605686, -0.10341202723384865, -0.11171703680685385, 0.15184911431266906, 0.1741562188300748, 0.007585797744359526, 0.08058752644160241, -0.07178121043083503, -0.12736655662342755, 0.25974240331124276, 0.09170694808991962, 0.1554169484607261, 0.07076238832629589, 0.0824073403407439, 1.0000000000000002, 0.027784786971662548, -0.020867038867056445, 0.26132625971893536, -0.015167386062515362, -0.20498846604867393, -0.06474632687403811, 0.09232166222439223, -0.1539735983269561, -0.01364360912547911, 0.16613576913938272, 0.17213185709575227, 0.20551364420901308, -0.35736916595418217], [0.06474963211755104, 0.15454169325484582, 0.011568518816802808, 0.029283029649649156, 0.03605488954520932, 0.030357409451863538, 0.028117101672411098, 0.08454394126932452, 0.008067677627164342, 0.06092767783330853, 0.20873292494814744, 0.05977385482206448, 0.051683267435677645, -0.0713273684014726, 0.023708215322754647, 0.15507559228235288, 0.14405844357549602, 0.20152146013677152, 0.024705788607192063, 0.027784786971662548, 1.0000000000000002, 0.09257139749401835, 0.11408030750706184, 0.04052970296153739, -0.2741171553135222, -0.22424513690582715, 0.06835501708484741, 0.09497539865487341, 0.4046261362196373, 0.007880874848888015, -0.12149849695942178, 0.0686592918733608, -0.04672082598200405], [0.035026308930254706, 0.18993927633488752, 0.0006902974790396916, -0.12354532068255174, 0.004465614002738169, -0.05846755153652825, 0.0860385215744556, 0.16141839546536987, 0.23310378531687562, 0.06001847764752898, 0.1948285842670359, 0.14079073566547323, 0.02695186564697096, 0.34761111300896047, 0.21288631174795325, 0.21117711246870638, 0.0834209903410318, 0.01847417146314129, 0.3106883549553401, -0.020867038867056445, 0.09257139749401835, 1.0000000000000002, 0.06167490499633155, -0.0061315169683762005, 0.10724333632455532, 0.15609030664499424, 0.19279564912055297, 0.19853520666373412, 0.13934478802525455, 0.11930468067376997, -0.17573879662715675, 0.12520331635417223, 0.02312912829394976], [0.13868632981696216, -0.19622208032007651, 0.08178475987249856, 0.002764900252825681, 0.020828805591106562, -0.009007255953847977, 0.05485889253444951, -0.0901990480027624, -0.09020804035573347, 0.151825949921552, 0.07047475863503942, 0.28317110944407414, 0.22198423438844864, -0.1571053441264306, 0.33369268545900754, 0.21931285523237504, 0.28772106156746413, 0.15675656023765155, -0.006804772583152437, 0.26132625971893536, 0.11408030750706184, 0.06167490499633155, 1.0, 0.04843987727109456, 0.052798847229685086, -0.14548670762759147, -0.04816545834024062, 0.03715308156955207, 0.16487169084184325, 0.13748734931117004, 0.009349550424732442, 0.024169930077214626, -0.028949043414023583], [0.045923580810209176, 0.014542132611143968, 0.12908774134029677, 0.12576441781847872, 0.1065831278515189, 0.06333517896227554, 0.05476190741580574, 0.1652622322728438, 0.17775758286323548, 0.12173113547660061, 0.02196291868586277, 0.08553504950678492, 0.09876353115318807, 0.15975185070104267, 0.08647681131423382, -0.019171779733881764, 0.2193373695055351, 0.1951496709513182, -0.039270427914327354, -0.015167386062515362, 0.04052970296153739, -0.0061315169683762005, 0.04843987727109456, 1.0000000000000002, 0.11979218577556054, 0.14746281798473443, 0.25353326319140435, 0.022949803591560444, 0.06729810865499011, 0.022952011040502825, -0.08609283185587494, 0.0471761146326777, 0.15066818083401323], [-0.023272646799524125, 0.10137532948738767, 0.03792901498153521, 0.06750139251751694, 0.2086299887634244, -0.17268233946348074, 0.06765055324169049, -0.09241635105061984, 0.2027846564101799, -0.004532226123586323, 0.058379720835223914, 0.22116360574700267, 0.1307092822862035, 0.12062295051128571, 0.098108332183742, -0.08696468132298249, -0.054843566854808914, -0.017931791656527505, 0.02588387644464794, -0.20498846604867393, -0.2741171553135222, 0.10724333632455532, 0.052798847229685086, 0.11979218577556054, 0.9999999999999999, 0.3125805344010329, 0.07919240012269142, 0.1657499123469629, 0.07675629605452731, -0.006334266489255033, -0.0428582405402235, -0.07475915191426749, 0.060544079178828626], [-0.12054010852720841, 0.16629741227465025, 0.12860463022273635, -0.05570314754457416, -0.1346373110648226, 0.06266923988832121, -0.02543592350943188, -0.022835108250623678, 0.19750753059705092, -0.06372535639048411, 0.11362238238611296, 0.06824906528406514, 0.04304085011820421, 0.2944291193429462, 0.016650486200835264, 0.075530263600326, 0.02021930149122171, -0.028136901803533138, 0.09087079690197192, -0.06474632687403811, -0.22424513690582715, 0.15609030664499424, -0.14548670762759147, 0.14746281798473443, 0.3125805344010329, 0.9999999999999999, 0.28133062264844394, 0.16737393631275305, -0.06650217911940934, 0.22509756945894596, -0.10889782513134878, 0.029183161388217867, 0.03847585512262645], [0.058157643032055374, 0.0983584226603568, 0.1352256489384509, 0.09443857403516971, 0.017514883488935384, 0.13511538787920152, 0.041616668672216965, 0.07858475000607393, 0.21886409435180956, 0.1028429899680396, 0.14795217950929168, 0.15662655979197776, 0.20900571163278936, 0.318076527705093, 0.10277932074478102, 0.08801947949889824, -0.05577426049469293, 0.1740978097388886, 0.04781071725878501, 0.09232166222439223, 0.06835501708484741, 0.19279564912055297, -0.04816545834024062, 0.25353326319140435, 0.07919240012269142, 0.28133062264844394, 1.0, 0.21497523366835522, 0.03064190211942324, 0.1376457587487174, 0.0578575656048088, -0.055272778401972304, 0.22784995916176023], [0.07775118103411748, 0.16677635503277657, -0.13148321571981003, -0.0128078455375304, -0.0904842128193116, 0.1654058567602053, 0.07040649553502847, 0.22300525455912143, 0.05159863749927999, -0.16703651789590757, -0.11790877379564108, 0.12757831106089979, 0.2907817835068162, 0.19185534448559893, 0.14291122277483215, 0.1798699095537336, -0.16428773031992538, 0.012481379744480223, 0.1873928180688358, -0.1539735983269561, 0.09497539865487341, 0.19853520666373412, 0.03715308156955207, 0.022949803591560444, 0.1657499123469629, 0.16737393631275305, 0.21497523366835522, 1.0000000000000002, 0.2881030389003297, -0.14728196364016574, -0.20394545336694375, 0.10321573527862286, 0.19986062009716368], [0.05363282825865716, 0.07414240635318711, -0.03480328645880739, -0.08838122260492634, -0.03622009134012103, 0.09173800372750003, -0.011618829696675593, 0.04875133391296697, 0.06204223737992429, 0.08215403882599355, 0.09631537997620472, -0.021521755120460916, 0.05173578764180808, 0.056226034500539174, 0.10237826935816269, 0.24657926442631095, 0.07853748520986444, 0.06407251984862466, 0.09319187759255179, -0.01364360912547911, 0.4046261362196373, 0.13934478802525455, 0.16487169084184325, 0.06729810865499011, 0.07675629605452731, -0.06650217911940934, 0.03064190211942324, 0.2881030389003297, 1.0000000000000002, -0.08202000610913045, -0.03801937838842465, 0.1010446518262582, -0.06851298982931506], [0.16702127883055712, -0.17552338330411352, 0.15179502791647226, -0.09463651576061485, -0.12518140975658812, -0.11236532422839562, 0.06841017448725671, -0.23182092036155183, 0.036854070250882755, 0.03779275900589232, 0.2624716842478441, 0.028960756641355737, -0.0023203089053830638, 0.05810394704929152, 0.12627858696754446, 0.1176962477894283, 0.1467192705280938, 0.0034715809012424497, -0.028479678695910407, 0.16613576913938272, 0.007880874848888015, 0.11930468067376997, 0.13748734931117004, 0.022952011040502825, -0.006334266489255033, 0.22509756945894596, 0.1376457587487174, -0.14728196364016574, -0.08202000610913045, 1.0, 0.1254026634933877, 0.33930877360442124, -0.21711933385243978], [0.0756709718235231, -0.06959998663223302, 0.10475085502727344, -0.0029634195802733104, -0.23846632169262827, -0.0971785784031377, -0.10892305085250045, -0.1974043421699638, 0.01022247067177251, 0.05270643688729178, 0.039239008892227305, 0.04572772895552806, -0.029558710361755034, -0.03853031302732448, -0.013717152555916347, -0.12673123085532192, -0.06249181307795977, 0.1399679272418365, -0.0032763922566500007, 0.17213185709575227, -0.12149849695942178, -0.17573879662715675, 0.009349550424732442, -0.08609283185587494, -0.0428582405402235, -0.10889782513134878, 0.0578575656048088, -0.20394545336694375, -0.03801937838842465, 0.1254026634933877, 1.0000000000000002, 0.10218078911221887, -0.1551692312756913], [0.30208794664363675, -0.09458980850291675, 0.012887555196519816, -0.0864421958185065, -0.08624808989447408, -0.07728192920698447, -0.13558753872755844, 0.013971847623401474, 0.11651761209670376, 0.043722077688050434, 0.15187323273988715, 0.005211141020816477, 0.045706424777219395, 0.007531951783394752, 0.12102237414536193, -0.08334316878176844, 0.048456508728113606, -0.04973140851460807, 0.16284083616706646, 0.20551364420901308, 0.0686592918733608, 0.12520331635417223, 0.024169930077214626, 0.0471761146326777, -0.07475915191426749, 0.029183161388217867, -0.055272778401972304, 0.10321573527862286, 0.1010446518262582, 0.33930877360442124, 0.10218078911221887, 1.0000000000000002, -0.20161240426241855], [-0.14648307249678635, 0.12082188323487898, -0.09581234176092415, 0.09250492572039218, 0.04681290342055177, 0.2118391567517694, -0.07070799898735891, 0.3796187337257779, 0.0069216220328390775, 0.038986717090775745, -0.06356678388645498, 0.050965557057951624, 0.1017396095934158, 0.3406322190335274, 0.012583539437557814, 0.0932855239851699, -0.06622155564582181, 0.01982259281394875, -0.0528773993587856, -0.35736916595418217, -0.04672082598200405, 0.02312912829394976, -0.028949043414023583, 0.15066818083401323, 0.060544079178828626, 0.03847585512262645, 0.22784995916176023, 0.19986062009716368, -0.06851298982931506, -0.21711933385243978, -0.1551692312756913, -0.20161240426241855, 1.0]];

export default NRSIMMAT_01;