const BOOKS_SIM_MAT = '[[0.9999999999999999, 0.5555248326456904, 0.18261170224659903, 0.4805174069816535, 0.22349906480349682, 0.39097578865219507, 0.2618957898534977, 0.6472210839384474, 0.38623146358650673, 0.14951616518103633], [0.5555248326456904, 1.0000000000000002, 0.5725189292791317, 0.37995196297909517, 0.463209466330276, 0.5073332866456263, 0.40065113494399107, 0.47985277333167264, 0.42476021523825896, 0.4830900238729977], [0.18261170224659903, 0.5725189292791317, 1.0, 0.2749820831811444, 0.6287999002033923, 0.5333361462403114, 0.6288915310988086, 0.06432012767887364, 0.3819536246766747, 0.742506958652147], [0.4805174069816535, 0.37995196297909517, 0.2749820831811444, 1.0000000000000002, 0.4416029896932681, 0.49839718406920525, 0.5696248125983877, 0.5798827143010776, 0.5992632072204315, 0.4053638745934564], [0.22349906480349682, 0.463209466330276, 0.6287999002033923, 0.4416029896932681, 1.0000000000000002, 0.7198318915938772, 0.8446709768811781, 0.11113913857593481, 0.5722123207956616, 0.7781983693367782], [0.39097578865219507, 0.5073332866456263, 0.5333361462403114, 0.49839718406920525, 0.7198318915938772, 1.0, 0.6875828413242064, 0.2739009513496029, 0.4892072318750893, 0.6355293680930502], [0.2618957898534977, 0.40065113494399107, 0.6288915310988086, 0.5696248125983877, 0.8446709768811781, 0.6875828413242064, 0.9999999999999998, 0.19255176311000125, 0.5715968758525388, 0.7566612051957762], [0.6472210839384474, 0.47985277333167264, 0.06432012767887364, 0.5798827143010776, 0.11113913857593481, 0.2739009513496029, 0.19255176311000125, 1.0, 0.468633205382246, 0.11309875080056378], [0.38623146358650673, 0.42476021523825896, 0.3819536246766747, 0.5992632072204315, 0.5722123207956616, 0.4892072318750893, 0.5715968758525388, 0.468633205382246, 0.9999999999999999, 0.5114430129613065], [0.14951616518103633, 0.4830900238729977, 0.742506958652147, 0.4053638745934564, 0.7781983693367782, 0.6355293680930502, 0.7566612051957762, 0.11309875080056378, 0.5114430129613065, 1.0]]';

export default BOOKS_SIM_MAT;