const NRBOOKSSIMMAT_WESTERN = [[1.0, 0.9999999999978803, 0.9999999999961692, 0.9999999999931493, 0.9999999999967214, 0.9999999999954664, 0.9999999999972965, -0.014243245466758111, 0.9999999999970859, 0.9999999999952088], [0.9999999999978803, 1.0000000000000002, 0.9999999999985073, 0.9999999999943289, 0.999999999998068, 0.9999999999963707, 0.9999999999986846, -0.01424373632467621, 0.9999999999983392, 0.9999999999974378], [0.9999999999961692, 0.9999999999985073, 1.0, 0.9999999999925463, 0.9999999999990399, 0.9999999999961315, 0.9999999999990434, -0.014244588056261966, 0.9999999999968808, 0.9999999999986158], [0.9999999999931493, 0.9999999999943289, 0.9999999999925463, 1.0000000000000002, 0.9999999999917811, 0.9999999999945927, 0.9999999999948302, -0.014241911568518279, 0.9999999999960982, 0.9999999999932637], [0.9999999999967214, 0.999999999998068, 0.9999999999990399, 0.9999999999917811, 1.0, 0.9999999999962672, 0.9999999999991268, -0.014245001197727439, 0.9999999999967056, 0.9999999999977297], [0.9999999999954664, 0.9999999999963707, 0.9999999999961315, 0.9999999999945927, 0.9999999999962672, 1.0, 0.9999999999974353, -0.014243067928508426, 0.9999999999966888, 0.999999999995874], [0.9999999999972965, 0.9999999999986846, 0.9999999999990434, 0.9999999999948302, 0.9999999999991268, 0.9999999999974353, 1.0, -0.014244191674721336, 0.999999999998117, 0.9999999999982087], [-0.014243245466758111, -0.01424373632467621, -0.014244588056261966, -0.014241911568518279, -0.014245001197727439, -0.014243067928508426, -0.014244191674721336, 1.0, -0.014242996745058733, -0.014244322524153141], [0.9999999999970859, 0.9999999999983392, 0.9999999999968808, 0.9999999999960982, 0.9999999999967056, 0.9999999999966888, 0.999999999998117, -0.014242996745058733, 1.0, 0.9999999999959126], [0.9999999999952088, 0.9999999999974378, 0.9999999999986158, 0.9999999999932637, 0.9999999999977297, 0.999999999995874, 0.9999999999982087, -0.014244322524153141, 0.9999999999959126, 1.0000000000000002]];

export default NRBOOKSSIMMAT_WESTERN;